56
2021_04_18_14_03_36/2/2/4/4/0 1 1 1 1 1 0 0 0 1 0 0 0 0 0 0 0 1 0 1 0 0 1 1 0 1 1 1 0 1 1 1/2 2 2 2 0
2021_04_18_14_03_43/1/2/4/4/0 0 1 1 1 0 1 0 1 1 0 0 0 1 0 0 1 1 0 0 1 1 0 1 0 1 1 1 1 1 1 0/2 2 2 2 0
2021_04_18_14_03_50/3/2/4/4/0 0 0 0 1 1 0 1 0 0 0 1 0 0 1 0 0 0 1 0 1 0 0 0 1 1 0 1 1 1 1 0/2 2 2 2 0
2021_04_18_14_04_58/2/2/4/4/0 0 1 1 1 1 1 0 0 1 1 0 0 1 0 0 1 0 1 0 1 1 1 1 1 1 1 1 1 1 1 0/2 2 2 2 0
2021_04_18_14_05_06/3/2/4/4/0 0 1 1 1 1 1 1 0 0 0 0 1 1 0 1 1 0 0 1 0 0 0 1 1 1 0 1 0 1 0 0/2 2 2 2 0
2021_04_18_14_05_37/4/2/4/4/0 0 0 0 1 0 1 1 1 0 0 1 0 1 0 0 0 1 1 0 1 0 1 1 1 1 1 1 1 1 0 1/2 2 2 2 0
2021_04_18_14_05_43/1/2/4/4/0 1 1 0 0 1 1 0 0 1 1 0 1 1 1 0 1 1 0 0 0 1 0 0 1 0 1 0 0 1 1 1/2 2 2 2 0
2021_04_18_14_05_44/1/2/4/4/0 0 1 1 0 1 0 0 1 0 1 1 1 0 1 1 0 1 1 0 0 1 1 0 1 0 1 0 1 1 0 1/2 2 2 2 0
2021_04_18_14_05_45/1/2/4/4/0 1 0 0 0 0 0 1 0 1 0 0 1 1 0 0 0 1 1 1 1 0 1 1 0 1 1 1 1 1 1 0/2 2 2 2 0
2021_04_18_14_05_47/1/2/4/4/0 1 0 0 1 1 1 0 1 1 0 1 0 1 0 1 1 1 1 0 0 1 0 0 1 1 1 1 1 1 0 1/2 2 2 2 0
2021_04_18_14_05_54/4/2/4/4/0 0 1 0 1 1 0 0 1 0 0 1 1 1 0 1 1 1 1 1 1 1 1 0 1 0 1 0 1 0 1 1/2 2 2 2 0
2021_04_18_14_05_57/1/2/4/4/0 0 1 0 0 0 1 0 1 1 0 0 0 1 1 0 0 1 1 0 0 1 1 1 1 0 0 0 1 1 0 0/2 2 2 2 0
2021_04_18_14_06_02/4/2/4/4/0 1 0 1 1 0 0 1 1 0 0 0 1 0 1 1 0 1 1 1 1 0 0 1 0 0 1 0 0 0 0 0/2 2 2 2 0
2021_04_18_14_06_47/2/2/4/4/0 0 1 0 1 0 0 1 0 1 1 1 1 1 0 1 1 1 1 1 1 1 0 1 1 0 0 1 0 1 1 0/2 2 2 2 0
2021_04_18_14_07_19/4/2/4/4/0 1 1 0 1 1 1 1 1 0 0 0 0 1 0 0 0 1 0 1 1 1 0 1 1 1 1 0 0 1 0 0/2 2 2 2 0
2021_04_18_14_09_14/4/2/4/4/0 1 1 1 1 0 0 0 1 0 1 1 0 0 1 0 1 0 0 1 1 0 1 0 0 0 0 0 0 0 0 0/2 2 2 2 0
2021_04_18_14_10_34/2/2/4/4/0 0 0 0 1 1 1 1 1 0 0 0 1 1 1 0 0 1 0 0 1 0 0 0 0 0 1 0 1 1 0 1/2 2 2 2 0
2021_04_18_14_10_34/2/2/1/1/0 0 0 0 1 1 1 1 1 0 0 0 1 1 1 0 0 1 0 0 1 0 0 0 0 0 1 0 1 1 0 1/2 2 2 2 0
2021_04_18_14_15_15/4/2/1/1/0 1 1 0 1 1 1 0 0 0 0 1 1 1 0 1 0 1 0 1 0 0 0 1 0 0 0 1 1 0 0 0/2 2 2 2 0
2021_04_18_14_15_59/4/2/1/1/0 1 0 1 1 0 0 0 1 1 1 1 0 1 1 1 0 0 0 1 1 0 1 0 0 1 1 1 1 0 1 1/2 2 2 2 0
2021_04_18_14_16_02/2/2/1/1/0 0 1 0 1 1 0 0 1 0 1 0 1 1 1 1 0 1 0 0 0 0 0 1 1 1 1 0 1 1 0 0/2 2 2 2 0
2021_04_18_14_16_17/3/2/1/1/0 1 0 0 1 1 1 0 0 0 0 1 1 1 0 0 0 0 0 1 0 0 0 1 0 0 0 1 0 1 1 1/2 2 2 2 0
2021_04_18_14_16_17/3/2/1/1/0 1 0 0 1 1 1 0 0 0 0 1 1 1 0 0 0 0 0 1 0 0 0 1 0 0 0 1 0 1 1 1/4 3 2 1 0
2021_04_18_14_17_37/4/2/1/1/0 1 0 1 1 0 0 1 1 0 1 0 0 0 0 0 1 1 1 0 0 1 1 1 0 1 1 0 1 1 1 1/4 3 2 1 0
2021_04_18_14_18_14/4/2/1/1/0 0 1 1 1 0 0 1 1 0 1 0 0 0 0 0 1 0 0 1 1 0 1 1 1 0 1 0 0 1 1 0/4 3 2 1 0
2021_04_18_14_18_29/4/2/1/1/0 1 1 0 0 0 0 0 1 1 1 0 1 1 0 0 1 1 1 0 1 0 1 0 1 1 1 0 0 0 1 1/4 3 2 1 0
2021_04_18_14_18_44/3/2/1/1/0 1 1 1 0 0 1 1 1 1 0 0 0 0 0 1 1 0 0 1 0 1 1 0 1 0 0 0 1 1 0 0/4 3 2 1 0
2021_04_18_14_19_16/4/2/1/1/0 1 0 0 1 1 0 0 0 0 1 1 0 0 1 1 1 1 0 1 0 1 1 0 0 1 0 0 0 1 0 0/4 3 2 1 0
2021_04_18_14_19_49/4/2/1/1/0 1 0 1 0 1 1 0 0 1 1 1 1 1 1 0 1 0 1 1 0 0 0 1 0 1 1 0 1 0 0 0/4 3 2 1 0
2021_04_18_14_22_14/4/3/1/1/0 2 1 0 0 0 2 1 0 0 1 1 0 2 0 1 1 2 2 2 2 1 2 0 1 0 1 2 0 0 1 0 1 2 0 1 0 1 2 2 1 2 1 2 0 2 0 1 0 2 1 1 1 0 1 0 2 1 1 0 2 2 2 0 1 2 0 1 1 2 0 2 0 0 2 1 0 2 0 2 2 1 0 2 1 2 1 1 0 0 0 1 1 2 0 1 1 2 2 0 2 2 0 0 2 0 1 1 0 1 0 1 0 1 1 2 1 1 0 1 2 1 0 1 2 0 0 0 0 0 0 2 2 1 2 2 1 0 2 2 0 2 0 1 0 2 2 0 2 0 2 2 2 0 0 1 1 1 1 2 0 2 0 1 1 0 2 1 2 1 2 2 1 0 0 2 2 2 2 2 2 2 0 2 0 0 0 2 0 0 2 2 1 2 0 2 2 2 1 0 1 0 2 0 2 2 1 2 1 1 1 2 2 0 2 1 2 0 2 1 0 0 2 1 1 2 1 1 2 2 2 0 2 1 0 2 2 2 2 0 0 1 1/2 2 2 2 0
2021_04_18_14_23_47/4/3/1/1/0 2 0 1 2 2 0 1 1 2 2 1 2 2 2 2 2 1 2 0 1 0 2 0 1 0 0 2 2 2 0 2 0 0 0 1 1 0 0 2 2 0 2 2 1 1 2 1 1 2 1 1 0 2 0 1 2 2 0 1 1 0 2 1 2 2 0 2 2 0 1 2 1 0 2 0 1 0 2 0 2 1 1 0 0 1 2 2 1 2 1 1 2 1 2 2 0 1 2 1 2 2 2 2 0 2 1 1 0 0 1 1 2 0 0 1 2 1 0 2 0 0 1 2 2 1 1 1 1 0 2 2 1 1 1 1 2 0 0 2 0 2 1 1 1 1 1 2 2 0 0 0 0 1 1 1 1 0 0 1 2 2 1 0 1 1 1 0 0 1 0 2 2 0 1 0 0 2 0 2 1 0 1 0 2 2 1 0 1 1 0 0 0 2 1 0 0 2 2 1 1 1 1 2 2 1 0 1 0 2 1 2 0 1 1 1 2 0 0 1 2 0 2 0 1 2 2 2 0 0 2 0 0 1 1 0 2 2 1 2 0 2 2/2 2 2 2 0
2021_04_18_14_24_52/4/3/1/1/0 0 1 0 2 2 1 0 1 2 2 0 2 2 0 2 0 0 1 0 0 1 0 1 2 2 0 2 1 1 0 1 2 1 2 2 0 1 2 1 2 2 0 1 2 2 1 1 0 1 0 0 2 2 0 2 2 0 1 2 1 0 1 0 1 2 2 0 2 1 2 1 0 0 2 0 2 2 1 0 0 2 2 0 1 2 1 2 1 2 1 0 1 1 2 1 2 0 2 2 0 0 0 0 0 2 0 1 1 1 0 2 2 2 2 2 2 0 0 2 1 1 1 2 1 0 2 2 2 0 1 0 2 2 2 0 2 0 0 1 1 0 0 0 1 0 2 1 1 1 0 1 2 0 0 2 2 0 1 0 2 1 0 1 0 0 0 0 1 1 1 2 1 1 2 0 2 0 0 1 0 2 0 1 0 2 0 0 1 0 2 1 2 1 0 1 2 1 1 2 0 2 2 1 2 2 1 1 0 2 0 2 2 0 1 1 0 2 2 2 1 2 2 2 1 1 2 0 1 0 0 0 2 0 2 1 1 1 0 0 1 1 2/3 1 3 1 0
2021_04_18_14_25_04/3/3/1/1/0 2 2 2 2 1 2 0 0 0 2 0 0 2 0 2 1 1 1 1 0 1 2 2 0 1 1 0 0 2 0 0 0 0 2 2 2 0 1 0 0 0 1 2 1 2 1 0 2 2 0 0 2 1 1 0 0 2 0 1 2 1 1 1 1 0 0 2 2 1 1 1 0 0 0 1 0 1 2 2 2 0 1 1 1 2 2 0 0 0 1 1 2 2 2 0 0 2 1 0 0 1 0 2 2 2 1 0 2 2 2 2 1 1 0 1 1 0 0 2 2 0 1 2 2 0 2 0 2 0 0 1 2 2 1 2 0 2 2 0 2 2 1 0 0 2 1 0 0 1 1 2 2 2 1 0 1 0 2 1 1 0 2 1 2 1 2 1 2 2 1 0 2 0 1 0 1 1 0 0 0 0 0 1 1 1 1 1 1 1 0 2 0 0 1 1 2 2 2 1 1 0 2 2 0 1 2 1 2 1 2 0 2 0 1 0 2 1 1 0 0 1 1 0 1 1 1 2 0 0 1 0 1 2 1 1 0 1 1 2 1 1 2/3 1 3 1 0
2021_04_18_14_26_48/3/3/1/1/0 0 1 2 0 0 1 1 1 2 0 1 2 0 2 0 0 1 0 1 0 1 2 2 1 1 1 1 1 1 1 2 2 0 0 1 2 2 2 1 1 0 2 2 0 0 2 2 0 0 0 1 1 0 2 0 1 2 1 2 0 1 2 1 2 1 1 2 0 1 0 2 1 0 1 1 0 1 1 0 1 2 1 2 0 1 2 1 1 0 0 2 2 1 1 2 0 1 2 1 0 2 2 0 2 2 0 1 0 0 2 0 2 1 1 0 1 2 2 1 2 2 0 2 1 0 0 2 1 0 1 2 1 2 2 0 0 0 2 1 1 1 1 1 0 1 2 0 0 0 2 2 1 1 2 0 1 1 1 0 2 2 2 0 2 1 1 1 2 2 0 1 2 0 1 2 0 0 1 1 0 2 1 2 1 2 2 0 1 0 1 0 2 0 0 1 1 1 2 0 0 1 1 1 0 0 0 0 2 1 1 2 0 2 2 1 0 1 0 0 2 1 0 1 0 0 0 2 0 0 2 0 2 2 1 1 1 0 0 0 2 0 2/3 1 3 1 0
2021_04_18_14_26_48/3/3/2/2/0 0 1 2 0 0 1 1 1 2 0 1 2 0 2 0 0 1 0 1 0 1 2 2 1 1 1 1 1 1 1 2 2 0 0 1 2 2 2 1 1 0 2 2 0 0 2 2 0 0 0 1 1 0 2 0 1 2 1 2 0 1 2 1 2 1 1 2 0 1 0 2 1 0 1 1 0 1 1 0 1 2 1 2 0 1 2 1 1 0 0 2 2 1 1 2 0 1 2 1 0 2 2 0 2 2 0 1 0 0 2 0 2 1 1 0 1 2 2 1 2 2 0 2 1 0 0 2 1 0 1 2 1 2 2 0 0 0 2 1 1 1 1 1 0 1 2 0 0 0 2 2 1 1 2 0 1 1 1 0 2 2 2 0 2 1 1 1 2 2 0 1 2 0 1 2 0 0 1 1 0 2 1 2 1 2 2 0 1 0 1 0 2 0 0 1 1 1 2 0 0 1 1 1 0 0 0 0 2 1 1 2 0 2 2 1 0 1 0 0 2 1 0 1 0 0 0 2 0 0 2 0 2 2 1 1 1 0 0 0 2 0 2/3 1 3 1 0
2021_04_18_14_28_49/1/3/2/2/0 1 0 1 1 2 2 0 0 0 2 2 1 2 1 1 2 0 1 1 1 2 1 0 2 0 0 0 2 1 1 2 0 0 1 0 1 1 1 1 2 0 1 0 1 0 2 2 2 2 1 2 0 2 2 1 1 1 1 0 2 0 1 0 2 2 2 1 0 1 1 2 0 0 0 2 0 0 2 2 0 0 1 0 1 1 2 0 1 1 2 1 2 2 0 1 2 1 1 0 0 0 1 1 2 0 1 1 2 0 2 1 0 1 0 2 1 1 1 2 1 2 0 2 1 1 2 2 1 0 1 1 0 1 0 2 0 2 1 0 0 1 2 1 0 2 1 0 0 2 2 1 1 1 0 0 0 2 0 2 0 1 0 1 2 2 2 0 1 1 2 2 2 1 2 0 1 0 1 1 1 1 1 2 0 2 0 0 2 0 0 1 0 0 2 2 0 2 2 0 0 0 2 1 2 0 2 2 0 2 2 2 1 2 1 1 1 2 2 1 1 0 2 2 2 2 0 2 1 2 0 1 2 1 0 0 2 0 1 2 2 2 0/3 1 3 1 0
2021_04_18_14_29_20/3/3/2/2/0 2 2 1 0 0 1 2 0 0 2 0 1 1 1 1 2 1 0 2 2 2 2 0 2 2 1 2 2 0 2 1 2 0 0 2 1 1 1 0 1 2 2 1 1 1 0 2 1 1 2 2 0 2 0 0 0 1 0 0 2 1 2 0 2 0 2 1 2 1 2 2 0 1 1 0 1 0 0 1 1 1 2 2 2 1 2 1 1 1 1 0 1 0 2 1 2 2 2 2 0 1 1 2 0 1 0 1 1 2 1 1 1 2 1 2 1 1 2 1 0 2 0 0 0 1 2 1 2 1 0 2 2 2 1 1 2 2 1 0 1 0 1 0 1 0 0 2 1 2 0 2 1 1 0 1 2 1 2 2 1 0 2 1 0 2 2 1 2 1 0 0 1 2 2 2 0 0 0 0 1 0 0 0 1 2 0 1 2 1 2 2 0 1 0 0 2 0 1 1 2 0 0 2 2 2 0 1 2 1 2 2 0 2 1 0 2 0 1 0 2 1 2 1 2 2 2 2 0 2 0 1 2 2 2 1 2 0 2 0 2 1 0/3 1 3 1 0
2021_04_18_14_29_20/3/3/2/2/0 2 2 1 0 0 1 2 0 0 2 0 1 1 1 1 2 1 0 2 2 2 2 0 2 2 1 2 2 0 2 1 2 0 0 2 1 1 1 0 1 2 2 1 1 1 0 2 1 1 2 2 0 2 0 0 0 1 0 0 2 1 2 0 2 0 2 1 2 1 2 2 0 1 1 0 1 0 0 1 1 1 2 2 2 1 2 1 1 1 1 0 1 0 2 1 2 2 2 2 0 1 1 2 0 1 0 1 1 2 1 1 1 2 1 2 1 1 2 1 0 2 0 0 0 1 2 1 2 1 0 2 2 2 1 1 2 2 1 0 1 0 1 0 1 0 0 2 1 2 0 2 1 1 0 1 2 1 2 2 1 0 2 1 0 2 2 1 2 1 0 0 1 2 2 2 0 0 0 0 1 0 0 0 1 2 0 1 2 1 2 2 0 1 0 0 2 0 1 1 2 0 0 2 2 2 0 1 2 1 2 2 0 2 1 0 2 0 1 0 2 1 2 1 2 2 2 2 0 2 0 1 2 2 2 1 2 0 2 0 2 1 0/2 2 2 2 0
2021_04_18_14_34_46/4/3/2/2/0 0 2 2 0 2 2 2 1 0 1 0 2 1 1 1 0 1 1 2 0 1 0 0 1 1 2 0 2 2 2 0 1 0 0 0 0 2 1 1 1 1 2 2 0 2 1 2 0 2 2 1 0 0 0 1 2 1 1 2 0 0 0 1 1 2 1 2 0 2 0 0 1 0 1 0 0 0 0 0 1 1 2 1 2 2 2 0 0 2 0 2 2 1 1 0 2 1 1 1 1 1 1 0 0 1 0 1 1 1 1 1 1 0 0 1 1 0 1 2 0 0 1 1 2 2 2 2 0 2 1 2 1 1 1 2 2 0 2 2 0 0 1 1 2 1 2 2 1 1 0 2 0 2 2 1 1 1 1 2 2 0 1 1 0 2 1 2 2 1 2 0 1 1 2 1 0 1 2 1 1 1 2 1 0 2 1 0 2 2 2 2 0 2 0 1 1 0 0 1 0 0 0 0 0 2 2 1 0 0 2 2 1 1 1 0 2 0 0 1 0 0 2 0 2 2 2 1 0 2 1 1 2 2 1 0 1 0 0 0 1 1 2/2 2 2 2 0
2021_04_18_14_35_26/3/3/2/2/0 2 1 1 2 1 0 2 0 2 1 2 1 2 0 1 0 1 0 1 0 1 2 1 0 2 0 0 2 2 0 2 2 0 2 1 1 2 0 0 2 0 0 1 0 0 0 2 2 2 0 0 1 2 1 2 2 0 2 1 2 2 2 2 1 1 0 0 0 1 1 2 2 0 0 2 2 0 2 0 0 1 1 1 2 2 1 2 1 0 1 0 2 1 0 1 0 2 0 1 2 0 2 0 0 2 1 0 1 2 0 1 0 0 2 0 0 1 0 0 0 1 0 1 1 0 2 1 2 2 0 1 0 0 1 0 1 2 0 1 0 2 2 0 1 2 0 1 0 0 2 2 2 2 1 2 0 0 1 0 0 1 0 1 1 1 1 2 0 2 2 1 2 0 0 1 0 1 0 0 0 0 1 2 0 1 0 1 1 0 0 0 0 2 1 0 0 2 1 1 1 0 0 1 0 2 2 0 1 2 2 1 2 0 1 2 1 0 1 1 2 1 2 0 2 2 2 0 1 0 2 0 2 0 2 2 0 0 0 0 2 0 2/2 2 2 2 0
2021_04_18_14_36_10/4/3/1/1/0 1 2 1 0 1 1 2 0 2 2 1 2 0 0 2 1 2 1 1 1 2 0 2 1 2 2 0 0 1 2 2 0 2 0 0 2 2 1 2 1 0 2 1 0 2 0 1 2 0 2 0 2 0 0 1 0 0 2 0 2 2 1 0 1 0 1 2 1 2 0 2 1 0 1 1 0 2 0 0 1 2 2 2 0 1 1 0 0 1 1 1 1 0 1 0 1 2 2 2 1 2 1 1 1 0 0 2 2 2 0 0 1 1 1 1 1 1 0 1 0 0 1 2 2 0 1 1 2 1 0 0 0 2 0 2 2 1 1 0 1 0 0 2 1 0 0 0 0 1 1 0 0 2 2 0 0 0 1 1 1 1 0 0 1 0 2 2 0 1 2 0 2 2 0 1 0 0 0 0 2 2 2 2 0 0 1 2 2 0 2 1 0 0 2 1 1 2 2 2 2 1 2 1 0 2 2 1 2 2 1 0 0 0 2 1 0 2 1 2 2 1 1 0 1 2 1 2 1 2 2 0 0 2 0 2 2 2 2 2 1 1 0/0 0 0 0 0
2021_04_18_14_37_07/4/3/1/1/0 1 1 0 0 1 0 1 1 1 0 1 2 0 1 2 2 2 1 2 2 1 2 0 1 1 1 1 1 2 0 1 1 1 0 0 0 0 1 2 0 1 2 2 1 2 1 0 0 0 1 0 1 0 0 0 0 0 0 0 1 0 2 1 2 1 2 2 0 0 0 2 2 1 1 2 2 2 0 2 0 0 1 0 1 2 1 1 2 2 1 1 1 2 2 2 2 1 0 0 0 2 1 2 1 0 2 0 2 2 1 1 2 2 0 1 1 0 0 0 1 2 1 1 2 0 2 2 0 1 1 0 2 2 1 1 2 1 2 0 0 1 1 2 2 0 2 1 0 0 2 2 2 2 1 2 1 0 1 1 1 1 0 2 2 0 2 1 0 0 0 0 0 2 2 2 0 0 1 1 2 0 0 1 0 2 1 1 2 2 1 1 1 0 0 2 1 2 2 1 1 2 0 0 0 0 0 1 1 2 2 0 1 1 2 0 2 2 0 0 1 0 2 0 0 2 1 1 1 0 0 0 0 0 2 2 2 2 2 0 1 2 0/0 0 0 0 0
2021_04_19_16_06_21/4/3/1/1/0 1 2 0 1 0 0 0 0 1 2 2 0 0 2 1 0 1 1 0 1 2 0 0 2 1 0 2 1 2 1 0 2 0 0 0 2 2 0 0 0 0 0 2 0 2 1 0 1 0 2 2 0 1 2 0 1 2 1 1 0 0 2 0 1 0 0 0 2 1 2 2 1 0 2 0 1 1 1 0 1 2 2 0 1 1 0 2 1 0 1 0 0 1 1 1 0 2 1 2 2 2 1 0 0 1 2 0 2 0 2 2 2 1 0 1 1 2 0 1 2 1 2 1 1 2 0 1 2 0 2 1 2 1 1 1 2 0 2 1 1 1 1 1 2 1 1 0 0 2 1 0 1 2 0 2 0 0 2 2 1 2 1 2 1 2 1 2 1 2 2 2 2 0 2 2 0 2 2 0 1 0 0 1 1 1 0 1 0 0 1 0 2 2 1 1 1 0 2 1 1 0 1 0 0 1 1 0 2 0 0 0 2 2 2 0 0 0 2 1 2 0 2 1 2 0 2 0 1 0 2 0 2 2 1 2 2 0 2 0 1 0 2/0 0 0 0 0
2021_04_19_16_06_53/4/3/1/1/0 2 2 1 1 1 2 1 1 1 0 1 2 2 1 2 2 0 2 2 0 1 0 2 2 0 0 1 0 1 2 0 1 1 2 2 2 1 1 2 2 0 1 2 0 1 2 0 1 1 0 1 0 1 1 1 0 1 1 1 2 1 2 0 1 0 2 0 2 1 1 2 0 2 2 2 0 2 1 1 1 1 2 0 0 2 0 0 2 0 0 1 1 2 0 2 0 0 0 1 1 1 0 0 2 1 2 0 0 2 2 0 1 0 0 1 1 1 2 0 1 1 2 2 2 1 2 2 1 2 0 2 0 0 1 1 0 0 0 2 2 0 1 2 2 0 0 2 0 2 0 1 1 1 2 2 1 0 2 1 1 1 1 1 1 1 1 0 0 2 1 0 2 0 2 1 2 0 2 1 1 1 0 2 1 2 0 0 1 1 0 1 1 1 0 2 0 1 1 1 1 1 2 0 1 1 1 0 1 1 2 1 2 1 2 2 1 0 0 2 1 1 2 2 1 2 1 2 0 2 1 1 0 2 0 0 0 0 0 2 0 1 2/0 0 0 0 0
2021_04_19_16_07_32/2/3/1/1/0 2 2 1 1 2 1 1 2 2 2 0 0 1 1 1 1 0 1 2 2 0 1 1 0 2 1 0 2 1 0 0 0 2 2 1 0 2 0 0 2 0 2 1 1 1 1 1 1 1 2 0 0 0 2 1 0 0 2 0 2 1 2 0 0 0 2 2 2 1 0 0 2 0 1 1 2 0 0 1 1 2 2 0 1 0 2 1 1 1 2 1 1 0 0 2 0 0 0 1 2 2 2 0 1 1 2 1 1 2 0 0 2 2 2 2 2 1 0 2 2 0 2 0 1 1 2 1 2 2 2 0 2 2 1 1 0 1 0 1 2 1 0 2 2 1 1 1 1 0 1 0 0 2 1 0 1 0 2 2 2 1 0 1 1 0 0 1 2 2 1 0 2 1 0 0 0 2 2 0 1 0 2 1 0 0 2 0 1 0 1 0 0 0 2 1 0 0 1 0 1 2 0 0 0 2 2 2 0 1 0 0 1 0 1 0 1 0 0 1 0 1 0 2 1 2 0 1 2 1 2 0 0 0 0 2 0 0 0 0 2 0 2/0 0 0 0 0
2021_04_19_16_08_15/2/3/1/1/0 0 2 1 1 1 1 2 1 2 1 0 2 0 0 0 1 0 2 1 1 1 2 0 2 2 2 2 2 1 1 0 0 2 1 2 0 1 0 2 2 1 0 1 0 1 2 1 1 1 2 2 1 2 1 0 0 0 1 2 1 1 2 1 2 0 2 0 1 2 2 1 1 0 2 0 2 2 0 1 1 0 2 1 1 0 1 1 0 2 0 0 0 1 0 1 0 0 1 0 1 0 2 2 0 2 1 0 1 0 2 1 1 1 2 2 1 0 0 0 1 1 1 2 0 0 1 0 2 2 2 2 2 1 2 0 1 0 1 0 0 0 2 1 1 0 2 0 2 2 2 0 0 0 2 1 1 1 0 1 0 2 2 0 1 1 1 0 0 2 0 2 0 2 0 2 2 1 2 2 0 1 0 0 1 0 0 0 2 1 1 2 2 2 1 2 1 0 1 2 1 1 1 1 1 1 2 0 0 2 2 0 2 2 1 0 2 0 2 0 1 0 1 0 1 0 1 0 2 1 2 1 1 2 1 1 2 2 0 0 0 0 0/0 0 0 0 0
2021_04_19_16_08_51/4/3/1/1/0 1 2 0 0 2 2 2 1 1 2 1 2 2 2 2 1 1 1 0 2 0 2 2 0 2 2 1 0 1 0 0 0 0 0 2 1 1 2 0 1 2 2 0 0 2 1 1 0 2 2 2 0 0 0 0 2 2 1 0 2 0 0 2 0 2 0 0 2 0 2 0 0 0 2 2 0 0 0 0 1 1 0 0 0 1 1 0 1 1 1 0 0 0 0 2 0 2 2 1 1 1 2 0 0 1 1 0 0 2 1 0 0 0 2 0 2 1 2 2 1 0 0 0 1 2 1 2 1 1 0 1 2 1 1 0 1 2 1 1 1 0 0 1 2 0 2 0 0 1 1 1 0 2 1 2 2 2 2 2 2 2 2 0 1 0 1 0 0 2 2 0 2 2 1 1 2 2 2 2 2 2 2 0 1 2 2 1 2 1 1 0 2 2 1 0 2 1 2 1 1 0 0 2 2 1 1 0 0 0 2 2 2 0 2 2 2 2 0 1 0 1 0 2 0 1 0 2 0 2 2 0 1 1 1 1 0 0 1 2 2 2 2/0 0 0 0 0
2021_04_19_16_09_26/2/3/1/1/0 1 2 1 1 1 1 2 0 0 0 1 1 2 0 0 1 0 2 2 0 1 2 0 2 1 1 1 2 2 2 1 1 1 1 2 0 2 1 0 1 0 1 2 0 2 0 0 0 0 0 0 2 0 2 2 0 1 1 1 1 2 2 1 2 2 0 2 1 2 1 2 0 2 2 0 1 0 0 0 0 0 1 2 1 2 0 0 2 0 1 1 1 1 2 0 1 1 0 1 1 0 2 0 1 2 1 2 2 0 1 1 1 0 1 2 0 2 2 1 2 2 2 2 1 2 2 0 0 0 0 2 1 2 2 1 0 1 1 2 2 0 0 1 1 1 0 1 0 2 0 2 2 1 0 0 2 2 2 0 1 2 1 0 2 2 1 1 0 2 2 2 1 0 0 2 1 2 1 1 2 1 2 2 0 0 1 1 0 1 2 1 1 0 0 0 0 0 2 1 0 0 2 0 1 0 1 0 2 0 2 1 1 2 2 2 1 2 2 2 0 0 2 0 0 2 2 0 2 0 2 2 1 1 0 2 1 1 1 0 2 1 2/0 0 0 0 0
2021_04_19_16_09_51/3/3/1/1/0 2 2 2 0 0 1 0 1 2 0 2 0 1 2 2 1 2 1 0 1 2 1 2 0 0 0 0 0 2 0 2 2 0 2 0 1 1 0 2 2 1 0 0 0 2 1 1 1 0 0 2 1 2 0 0 0 1 0 1 2 1 0 1 1 2 2 0 2 2 1 0 1 0 1 0 2 2 2 1 0 2 0 1 1 2 2 1 0 0 1 2 2 1 0 2 1 1 2 1 0 1 1 1 2 1 1 0 0 1 0 1 1 0 1 1 1 2 2 1 0 2 1 2 1 1 2 0 0 1 1 2 1 1 2 1 1 1 2 2 0 0 0 0 2 0 0 0 1 1 0 0 0 2 1 0 0 0 2 2 2 0 0 0 2 2 1 0 0 1 1 2 0 1 0 1 0 2 2 0 0 2 2 0 2 2 0 2 1 2 1 1 0 0 1 1 0 1 2 0 0 0 1 1 1 2 1 0 2 0 0 0 2 2 2 0 2 0 0 1 2 2 1 0 0 2 2 1 1 0 0 1 1 2 2 0 1 1 2 1 1 2 2/0 0 0 0 0
2021_04_19_16_10_19/3/3/1/1/0 0 1 2 0 2 1 2 2 1 1 2 2 1 0 1 1 0 1 0 0 1 1 2 0 1 0 2 2 0 0 1 2 1 0 1 2 0 2 1 2 0 1 0 2 0 0 2 0 2 2 2 0 0 1 0 1 2 0 2 2 2 0 1 2 2 2 2 2 1 1 1 0 2 2 1 2 1 0 2 1 1 2 1 2 1 0 1 1 1 0 0 2 2 0 2 1 0 2 2 2 0 0 0 1 0 1 2 2 1 1 1 1 2 0 2 0 1 2 1 0 0 1 0 0 1 0 2 1 2 2 2 2 1 2 0 1 2 2 0 0 0 1 2 1 2 2 1 1 1 0 0 0 2 1 2 0 0 2 1 0 1 1 2 0 2 1 1 1 0 1 1 0 0 0 2 1 0 2 2 0 0 0 0 0 0 2 1 0 0 2 2 0 2 2 2 2 2 2 0 0 0 1 0 2 2 0 1 2 0 1 2 2 2 2 0 2 1 1 2 1 1 0 2 2 2 1 0 0 2 2 2 1 0 0 1 0 2 0 0 1 0 2/0 0 0 0 0
2021_04_19_16_12_33/2/3/1/1/0 1 2 0 2 1 1 1 2 1 2 0 1 1 0 1 1 2 0 1 2 1 0 1 2 2 0 2 0 1 2 2 1 0 2 0 2 2 1 1 0 1 2 1 1 2 0 1 2 0 2 2 2 2 1 2 0 2 1 2 1 2 2 2 1 1 1 1 2 0 1 1 1 1 2 2 0 0 1 2 2 1 2 0 1 1 1 1 2 1 1 0 2 2 1 2 0 0 0 0 0 0 2 0 0 2 2 0 2 0 0 1 1 0 1 0 2 2 1 2 2 2 1 0 0 2 1 0 1 0 0 1 1 1 1 0 0 0 2 1 0 2 2 0 0 1 2 1 1 1 0 0 2 0 2 1 1 1 2 0 1 0 1 2 2 1 1 1 1 2 0 0 1 2 2 1 1 1 2 2 1 2 1 0 0 2 1 2 0 2 1 2 2 1 2 1 0 0 0 2 2 2 2 0 2 0 0 0 1 1 2 0 1 2 0 2 1 0 0 0 2 0 2 0 2 2 2 0 2 1 2 1 0 2 0 2 1 1 2 0 2 0 0/0 0 0 0 0
2021_04_19_16_12_57/4/3/1/1/0 0 2 0 2 2 1 2 1 2 1 1 0 0 2 1 1 0 2 2 0 2 2 0 1 0 1 2 2 1 2 1 2 2 2 0 1 2 2 2 1 1 0 1 1 2 1 2 2 2 0 2 0 1 2 0 0 0 2 2 2 0 0 0 0 2 1 0 2 2 0 2 2 2 2 0 1 2 0 2 0 2 0 0 0 1 2 0 1 0 0 2 0 1 0 1 2 1 0 2 0 0 2 2 0 0 0 1 0 0 0 1 2 1 2 0 2 2 0 2 2 1 0 2 0 2 2 2 2 1 1 1 0 1 1 1 0 1 2 1 2 1 0 0 2 0 1 2 2 2 0 2 0 0 1 2 1 2 0 2 0 1 1 2 1 2 0 1 2 1 0 0 0 0 0 0 1 2 1 0 1 0 1 1 0 0 0 0 1 0 1 0 0 2 1 2 1 1 1 0 1 1 1 0 1 1 1 2 1 0 1 1 1 0 1 2 1 1 0 1 0 0 0 0 2 1 1 0 0 2 1 1 0 1 2 1 1 2 0 1 0 1 0/0 0 0 0 0
2021_04_19_16_13_55/2/3/1/1/0 2 2 2 0 2 2 2 2 0 2 1 0 2 1 2 0 2 2 1 1 2 0 0 2 0 0 2 2 1 0 1 2 1 2 2 0 2 1 2 0 1 1 0 0 1 1 0 1 0 0 1 0 1 0 0 1 0 0 1 2 0 0 1 0 0 0 1 1 0 0 2 1 2 2 2 0 2 2 2 0 1 1 1 0 0 1 2 0 1 0 2 1 2 1 0 2 1 1 0 0 1 2 2 2 0 0 2 2 2 1 0 2 0 2 2 1 2 1 1 0 2 2 1 1 1 1 2 0 1 2 0 0 2 1 2 0 1 1 0 2 0 2 0 2 1 2 1 2 0 1 2 1 0 1 2 0 2 2 0 2 1 1 1 2 1 0 2 2 0 0 1 0 0 0 2 0 1 0 0 2 2 0 2 0 2 0 2 0 2 2 2 1 0 0 0 0 2 0 2 0 2 2 2 2 1 0 0 0 0 1 2 0 0 0 0 2 2 2 2 0 0 1 0 0 1 0 1 2 0 1 2 2 2 2 1 2 2 0 2 1 0 0/0 0 0 0 0
2021_04_19_16_14_50/2/3/1/1/0 0 2 0 1 0 0 1 2 0 1 0 0 2 0 2 2 0 2 1 0 0 2 2 1 2 1 1 0 1 1 1 2 0 2 0 1 2 0 2 1 0 2 0 2 0 1 0 1 0 0 0 1 0 2 2 2 0 1 1 1 1 0 0 1 2 0 1 0 1 1 0 1 0 1 1 0 2 2 0 0 2 1 2 2 0 2 2 2 0 2 2 2 2 2 0 1 0 1 2 1 0 2 2 2 0 1 0 2 0 0 1 2 0 0 2 2 1 1 1 0 0 2 1 1 1 1 0 0 2 1 1 1 2 2 1 0 2 2 2 2 0 2 2 2 1 1 0 1 2 1 1 0 0 2 0 0 2 0 1 0 2 1 1 0 2 0 2 2 0 0 1 2 2 2 0 2 1 1 0 2 0 1 0 0 0 0 2 1 2 2 1 0 1 0 0 0 1 0 1 2 1 1 1 0 0 0 2 2 2 1 2 1 1 1 1 1 2 1 2 1 1 2 2 2 1 0 0 0 0 1 0 0 2 2 2 0 1 1 1 1 0 0/0 0 0 0 0
2021_04_19_16_16_58/4/3/1/1/0 1 2 0 2 2 0 1 0 2 2 1 0 1 0 2 2 2 0 1 2 1 0 0 2 0 0 2 1 2 0 1 2 2 0 1 2 0 2 0 0 0 2 0 1 2 2 2 1 2 1 1 0 2 1 2 1 2 0 2 2 1 2 0 1 2 2 1 2 0 2 1 1 2 0 2 0 0 0 2 2 2 0 0 0 2 0 0 2 0 1 1 1 0 2 2 2 0 1 1 0 2 0 1 2 0 2 2 1 2 1 2 0 0 2 2 1 2 0 0 0 2 1 2 0 0 1 2 1 0 2 1 0 0 1 0 0 2 1 1 1 2 0 2 1 2 2 0 0 1 0 1 1 2 1 0 2 1 1 1 1 1 2 1 0 1 2 2 1 2 0 1 2 0 0 2 2 2 2 0 1 2 2 0 2 0 0 2 1 1 1 2 1 0 2 1 2 0 1 0 1 0 1 2 2 1 2 0 0 1 2 2 0 1 0 2 1 1 0 2 2 1 1 2 0 0 1 1 1 2 2 2 0 2 0 0 1 0 2 1 2 0 1/0 1 0 1 0
1 color structure#2021_04_19_16_28_08/3/3/1/1/0 1 1 1 0 1 2 0 0 2 2 0 2 2 0 1 0 2 0 1 2 1 0 2 0 2 2 0 2 0 2 1 2 2 0 0 2 2 2 1 1 2 2 1 0 0 1 0 2 1 2 1 1 0 1 1 2 2 0 0 0 0 0 0 0 1 2 1 0 0 1 1 1 0 2 1 0 0 0 1 0 0 2 0 0 2 1 2 1 1 2 2 1 2 2 0 0 2 1 1 0 1 0 0 0 0 2 0 2 1 1 1 0 1 2 0 2 1 1 0 0 2 1 0 0 2 2 2 2 1 2 0 0 0 0 1 1 0 0 1 2 1 2 1 1 2 1 1 0 2 1 1 0 2 2 2 0 0 2 2 0 1 0 0 0 2 0 1 0 2 1 0 0 2 0 0 2 0 2 1 2 1 2 1 0 0 2 1 0 2 1 2 0 1 2 2 2 0 0 2 2 1 2 2 2 2 1 0 1 1 0 2 1 0 2 2 0 0 0 1 2 2 2 1 2 1 0 0 2 0 0 2 1 0 1 0 1 1 2 2 0 1 1/2 2 2 2 0
fluid like#2021_04_19_16_29_22/4/3/1/1/0 0 0 0 2 2 2 2 0 2 1 0 1 2 0 1 0 0 2 0 2 2 1 2 2 2 0 2 0 1 0 0 2 0 0 0 2 2 2 2 1 1 2 2 1 0 1 2 0 0 1 0 2 0 0 1 0 1 2 1 0 1 0 2 1 1 2 0 0 1 2 1 1 1 1 0 0 2 2 0 0 2 1 2 1 0 0 2 1 2 2 0 2 1 2 0 2 0 0 0 0 0 0 0 2 1 0 1 0 2 1 0 0 1 0 1 2 2 2 0 2 0 0 2 0 1 0 2 0 2 1 1 1 1 1 1 0 1 1 0 1 0 2 1 0 2 1 1 0 1 0 0 0 0 1 1 1 1 0 0 0 0 2 2 0 1 2 2 1 0 2 2 1 0 2 0 2 0 0 1 0 2 2 0 1 1 2 1 2 0 0 2 0 0 2 0 1 1 1 1 2 0 2 2 0 0 0 0 2 1 0 2 0 0 0 1 2 0 1 2 2 1 2 1 1 2 0 0 2 2 1 1 0 0 1 0 2 1 0 0 0 0 1/2 2 2 2 0
2 color structure#2021_04_19_16_30_21/4/3/1/1/0 2 1 1 2 0 0 2 1 1 2 1 0 2 1 0 0 0 1 0 1 2 0 2 0 0 0 1 0 0 1 2 0 2 2 1 0 0 2 0 2 1 1 2 2 1 0 2 1 0 0 1 1 0 1 0 0 2 2 2 1 2 1 1 2 1 2 1 0 0 1 0 0 1 0 0 0 1 2 2 0 2 0 1 2 1 1 0 1 2 1 1 1 0 1 0 1 2 2 0 1 0 1 0 0 1 2 2 2 1 0 0 2 2 2 2 1 1 0 2 1 1 1 0 1 2 1 1 2 0 2 2 1 2 0 0 1 1 0 2 1 0 1 2 0 0 1 1 2 1 1 0 2 1 1 1 0 1 1 2 0 0 0 0 1 0 2 0 0 2 1 1 1 2 1 2 1 0 2 2 1 1 0 2 0 2 1 2 2 1 2 1 2 1 0 2 0 2 0 2 2 2 1 1 0 1 2 2 1 1 1 0 1 1 0 1 2 1 2 1 2 2 1 0 1 1 1 2 0 1 1 2 1 1 2 0 0 0 1 0 1 1 2/2 2 2 2 0
