
55
triangles#2021_04_17_09_07_18/4/2/5/1 1 1 1 0 0 1 0 0 1 1 0 1 1 0 0 1 1 0 0 0 0 1 0 0 0 1 1 1 1 0 0
2021_04_17_09_31_18/2/2/5/1 0 1 1 1 1 1 1 0 1 1 0 1 1 1 0 1 1 1 1 0 1 0 0 1 0 1 0 0 1 0 0
2021_04_17_09_31_21/2/2/5/0 0 0 0 0 1 0 1 0 1 0 0 1 1 1 0 1 1 1 0 1 0 0 1 1 1 0 0 1 1 0 0
2021_04_17_09_31_24/3/2/5/1 0 0 1 1 1 1 1 1 0 0 0 1 1 0 0 0 0 0 1 1 0 1 1 1 1 1 0 1 1 0 0
2021_04_17_09_31_28/2/2/5/0 0 1 1 0 1 1 1 0 1 1 0 0 0 1 0 0 1 1 1 0 1 1 1 0 0 1 1 1 1 1 0
2021_04_17_09_31_31/3/2/5/0 0 0 1 0 0 1 1 1 0 1 1 0 1 1 0 1 0 0 0 0 1 0 0 1 1 0 0 0 0 0 1
2021_04_17_09_31_37/3/2/5/1 0 0 1 0 1 1 1 1 1 0 1 1 0 1 0 0 0 1 1 1 0 1 1 0 1 1 0 0 1 1 0
2021_04_17_09_31_41/3/2/5/0 0 1 1 1 0 1 1 0 0 1 1 0 1 1 0 1 0 0 1 0 0 0 0 0 0 0 0 1 0 1 1
2021_04_17_09_31_44/4/2/5/1 1 0 1 1 0 0 0 1 0 1 0 1 1 1 1 1 0 0 1 1 0 0 0 0 0 0 1 1 0 0 0
2021_04_17_09_31_50/2/2/5/0 1 0 0 0 0 1 1 1 1 0 0 1 0 1 1 1 0 0 0 0 0 1 1 1 1 0 0 1 1 1 0
2021_04_17_09_31_53/2/2/5/1 0 1 0 0 1 0 0 1 0 0 1 1 0 0 0 1 0 1 1 1 0 1 0 0 0 0 0 0 1 0 0
2021_04_17_09_31_56/3/2/5/0 1 0 0 0 1 1 1 1 1 1 0 0 1 1 0 1 0 0 1 0 0 1 1 0 0 1 0 0 0 1 0
2021_04_17_09_32_00/2/2/5/1 1 0 0 1 0 0 0 0 1 0 0 0 1 1 0 0 1 1 0 1 1 1 0 0 0 0 0 0 1 0 0
2021_04_17_09_32_41/2/2/5/0 1 0 1 0 0 0 0 1 1 0 0 0 1 0 0 0 0 0 0 0 1 0 0 0 1 1 0 1 1 0 1
2021_04_17_09_32_45/4/2/5/1 0 0 0 1 0 1 1 1 0 0 0 1 0 1 1 0 0 1 1 1 0 0 0 1 1 0 1 0 0 0 0
2021_04_17_09_32_49/4/2/5/1 0 1 0 1 1 0 1 0 1 0 0 0 0 0 1 1 0 1 0 0 1 1 1 1 1 0 1 1 0 0 1
2021_04_17_09_32_53/3/2/5/0 1 0 0 0 0 1 0 1 0 0 1 1 1 0 0 0 0 1 1 0 1 1 1 0 1 1 0 1 0 1 1
2021_04_17_09_33_01/2/2/5/0 0 1 1 1 0 0 0 0 0 0 1 0 0 1 1 1 0 0 1 0 1 0 0 0 1 0 0 1 0 0 0
2021_04_17_09_34_15/4/3/3/1 0 1 0 1 2 2 0 2 0 2 0 0 1 2 1 1 1 2 1 0 0 1 2 0 0 1
2021_04_17_09_34_20/4/3/3/2 1 0 2 1 2 2 2 0 2 1 1 1 2 1 2 2 0 0 0 0 1 1 2 0 2 2
2021_04_17_09_34_28/4/3/3/0 1 1 2 1 2 2 2 1 2 0 0 2 0 0 1 2 0 2 2 1 0 0 1 1 1 2
2021_04_17_09_34_31/3/3/3/1 1 0 1 2 0 0 1 1 2 2 1 0 2 2 1 2 0 0 0 0 0 1 1 1 2 2
2021_04_17_09_34_36/2/3/3/2 0 1 1 1 1 2 0 1 2 0 1 1 2 1 1 0 2 2 2 2 0 2 0 2 2 0
2021_04_17_09_34_40/3/3/3/1 2 2 2 0 1 0 0 1 0 1 1 1 1 2 1 2 0 1 1 0 0 2 2 1 1 0
2021_04_17_09_34_43/3/3/3/2 1 1 1 2 2 2 0 0 0 1 2 2 0 0 0 1 0 1 0 1 1 0 2 2 2 1
2021_04_17_09_39_37/2/2/3/0 1 1 0 1 0 1 1
2021_04_17_09_39_41/3/2/3/0 1 1 0 0 1 0 1
2021_04_17_09_39_44/1/2/3/1 1 1 1 1 1 1 1
2021_04_17_09_39_49/2/2/3/0 0 1 0 1 1 1 0
2021_04_17_09_39_52/2/2/3/0 0 1 0 0 1 1 1
2021_04_17_09_39_56/2/2/3/1 0 1 1 1 1 0 0
2021_04_17_09_40_22/3/4/3/1 0 2 0 0 1 1 0 3 1 1 0 3 0 1 2 2 3 1 2 1 1 0 3 2 3 0 3 1 3 2 1 2 0 3 0 2 1 3 0 2 1 1 0 1 1 1 0 0 2 3 0 0 1 0 0 2 0 2 3 1 2 0 0
2021_04_17_09_40_26/3/4/3/3 2 0 1 1 1 1 2 3 2 3 2 1 2 0 2 2 3 1 0 2 0 0 2 2 2 2 1 0 2 2 0 0 2 2 1 0 0 0 1 2 3 1 1 0 0 0 2 1 3 2 2 2 3 3 0 3 0 3 2 0 2 1 3
2021_04_17_09_40_30/3/4/3/2 1 1 1 3 0 0 2 0 3 2 0 0 1 2 0 2 0 1 3 1 1 3 1 1 3 0 2 0 0 0 2 1 2 0 2 0 1 2 1 0 2 3 1 1 2 2 1 2 0 3 3 2 3 2 3 1 0 3 2 0 0 3 1
2021_04_17_09_40_33/3/4/3/0 2 1 0 1 1 3 3 2 0 0 2 1 3 3 2 1 1 2 0 3 0 0 3 2 2 0 0 1 2 2 3 2 0 1 3 1 1 1 3 2 3 0 0 3 3 2 2 0 2 2 3 2 0 2 1 3 1 3 0 2 0 1 1
2021_04_17_09_40_39/4/4/3/2 0 1 1 0 0 1 2 3 3 2 0 2 3 0 0 1 2 2 3 1 1 1 1 1 3 3 3 3 1 1 3 1 2 2 3 1 2 3 2 1 2 3 2 0 3 3 2 1 1 0 0 0 1 2 2 1 1 1 2 1 1 3 1
2021_04_17_09_40_42/3/4/3/0 2 0 0 1 3 1 0 1 2 0 2 0 0 0 1 2 2 3 0 2 3 1 0 0 3 0 1 3 3 0 1 0 2 1 1 2 0 2 2 3 1 1 3 2 2 3 0 0 1 1 1 1 0 0 0 1 2 3 2 2 3 1 1
2021_04_17_09_40_46/3/4/3/3 0 1 0 3 3 1 3 2 2 1 3 1 3 3 0 1 2 1 0 3 1 2 2 3 0 0 1 3 2 0 2 3 0 0 0 0 1 1 0 3 2 3 0 0 3 2 3 2 1 3 1 1 2 0 3 0 2 2 2 1 3 0 3
trees#2021_04_17_09_40_55/2/4/3/1 2 0 1 3 3 1 2 3 1 1 1 3 2 0 1 3 3 3 3 2 2 2 0 0 0 1 1 1 3 2 1 3 1 2 0 0 3 2 1 0 1 1 1 2 2 0 0 2 3 0 0 2 1 2 3 2 0 0 1 2 1 0 3
2021_04_17_09_47_00/2/4/3/1 2 2 3 2 1 3 2 3 1 0 3 1 1 0 1 3 3 3 2 2 1 2 3 1 0 0 2 0 2 1 1 0 2 2 0 3 3 2 3 0 2 3 2 3 1 2 2 0 2 0 0 2 2 3 2 1 0 3 2 0 3 3 2
2021_04_17_09_47_05/3/4/3/1 0 0 3 2 1 0 1 0 2 1 1 1 3 0 1 0 3 3 1 3 3 3 1 2 3 0 1 1 0 2 2 1 0 0 1 2 3 0 0 1 0 0 3 1 1 3 3 1 0 1 3 3 2 1 0 3 0 3 0 3 2 1 1
2021_04_17_09_47_10/4/4/3/3 3 2 1 3 1 3 1 2 3 2 3 1 2 0 2 3 0 0 3 0 0 0 2 2 1 2 1 0 3 1 3 1 0 2 0 3 3 3 1 3 1 1 0 2 0 1 1 3 0 1 1 2 1 0 3 2 3 2 3 0 2 0 2
2021_04_17_09_47_14/4/4/3/0 2 3 3 3 0 2 0 1 1 0 3 2 1 2 0 2 0 3 1 0 1 2 2 2 0 3 3 0 1 3 0 0 0 1 3 0 0 3 2 2 2 1 0 3 0 1 1 3 0 3 1 1 3 0 3 2 0 3 3 0 1 3 0
2021_04_17_09_47_21/3/4/3/1 1 0 3 1 3 1 1 1 3 3 1 3 1 3 3 0 0 0 3 1 2 1 2 2 1 0 0 0 0 0 1 2 2 2 2 1 0 3 2 0 1 1 0 0 3 3 0 3 3 3 1 0 1 2 2 1 1 2 0 0 2 3 2
2021_04_17_09_47_25/3/4/3/0 3 3 2 0 2 2 2 0 3 1 2 3 3 0 2 1 2 1 1 1 1 2 1 2 3 2 2 1 0 0 3 0 0 0 1 3 3 3 1 3 2 0 1 2 2 1 1 2 0 0 1 1 0 0 1 2 3 1 2 1 0 3 2
2021_04_17_09_47_32/3/4/3/1 0 2 3 3 0 1 0 1 3 1 2 3 0 2 1 0 2 3 3 2 1 1 0 1 0 0 3 0 3 3 1 1 2 3 1 3 1 0 2 0 1 0 2 1 1 0 1 1 2 1 3 3 2 1 3 3 1 3 0 0 1 3 3
2021_04_17_09_47_38/4/4/3/2 2 1 1 2 0 0 1 3 1 0 2 3 1 0 2 3 3 1 1 2 2 0 2 3 3 1 0 2 2 2 3 1 0 3 1 0 1 1 1 0 0 3 2 0 1 2 2 2 0 0 2 0 0 0 0 2 0 1 3 0 2 0 2
2021_04_17_09_47_41/3/4/3/1 2 3 1 1 1 3 0 2 1 2 1 0 0 1 0 3 1 0 3 1 3 3 2 0 1 3 2 0 2 0 2 3 3 1 2 1 0 2 0 3 3 2 1 3 0 1 2 0 0 3 2 0 1 1 2 1 2 1 0 0 0 1 1
2021_04_17_09_47_46/3/4/3/1 1 2 1 0 3 1 0 3 1 1 2 1 0 3 1 3 0 1 0 3 3 2 1 1 3 3 2 1 2 1 0 2 3 3 2 3 2 1 0 2 0 1 0 0 1 1 0 1 3 3 1 3 1 3 2 1 1 3 3 2 3 0 2
2021_04_17_09_48_37/2/4/2/0 1 1 0 1 1 0 0 2 2 2 3 1 3 0 0
2021_04_17_09_48_43/3/4/2/0 1 2 2 1 3 0 0 1 1 3 1 0 1 1 0
2021_04_17_09_48_49/2/4/2/0 0 3 2 3 0 1 3 2 2 2 0 0 0 2 2
2021_04_17_09_48_53/2/4/2/0 3 3 2 1 3 0 0 0 0 2 0 0 2 2 1
2021_04_17_09_49_01/2/4/2/0 3 1 2 1 1 0 1 0 0 1 1 3 2 3 1
triangles_2#2021_04_17_09_49_16/4/4/2/1 2 3 2 3 2 3 1 0 3 3 0 0 1 0 2
2021_04_17_09_49_22/2/4/2/1 3 1 3 0 2 0 1 2 3 1 3 2 3 1 0
2021_04_17_10_07_16/4/4/3/0 1 0 0 2 2 2 3 0 0 2 2 1 0 1 0 2 2 3 2 3 0 2 3 2 1 1 1 2 1 1 1 0 2 2 3 1 2 0 3 3 3 1 3 0 3 0 3 2 1 0 0 0 3 2 1 2 0 1 1 2 0 1 1
2021_04_17_10_07_20/3/4/3/0 3 0 3 0 0 3 3 1 2 1 3 1 3 1 0 0 2 2 3 3 1 3 3 0 1 2 0 0 1 3 0 3 2 0 1 1 2 0 3 3 0 1 0 1 0 2 0 0 3 0 2 1 0 2 1 2 1 1 3 0 2 0 1
2021_04_17_10_09_40/4/4/3/0 3 1 3 1 0 2 3 2 3 1 0 1 1 2 1 3 2 0 0 2 2 2 0 3 0 3 1 0 2 0 0 1 3 0 1 1 3 3 2 2 3 0 3 3 3 1 1 1 3 1 2 3 0 3 2 0 0 2 1 2 2 2 0
2021_04_17_14_43_18/4/2/4/1 0 1 0 1 1 0 1 1 1 1 0 0 0 0 0
2021_04_17_14_43_22/3/2/4/1 0 0 0 1 1 0 0 1 0 0 0 0 0 1 1
